29.161667
45.306667
54.101667
59.941667
69.161667
75.840000
77.201667
78.001667
78.573333
79.043333
79.436667
79.780000
80.255000
81.140000
82.751667
84.116667
85.033333
85.563333
85.915000
86.208333
86.463333
86.690000
86.870000
87.025000
87.185000
87.366667
87.456667
87.581667
87.688333
87.771667
87.875000
87.950000
88.043333
88.113333
88.176667
88.253333
88.333333
88.381667
88.438333
88.508333
88.538333
88.586667
88.633333
88.673333
88.733333
88.781667
88.826667
88.871667
88.915000
88.950000
88.988333
89.023333
89.080000
89.120000
89.166667
89.196667
89.240000
89.271667
89.321667
89.340000
89.370000
89.416667
89.448333
89.491667
89.526667
89.535000
89.561667
89.576667
89.610000
89.621667
89.658333
89.678333
89.695000
89.711667
89.750000
89.766667
89.793333
89.815000
89.848333
89.855000
89.885000
89.888333
89.925000
89.950000
89.948333
89.981667
90.005000
90.008333
90.025000
90.025000
90.045000
90.063333
90.085000
90.103333
90.095000
90.121667
90.130000
90.131667
90.163333
90.171667
