2.229134
2.102952
2.011165
1.950311
1.890780
1.836572
1.803671
1.781527
1.765250
1.752543
1.742187
1.733357
1.725060
1.715978
1.704830
1.694196
1.685793
1.678727
1.672669
1.667365
1.662706
1.658563
1.654831
1.651428
1.648380
1.645526
1.642912
1.640496
1.638242
1.636093
1.634121
1.632226
1.630478
1.628825
1.627241
1.625726
1.624304
1.622911
1.621621
1.620412
1.619226
1.618065
1.616964
1.615888
1.614910
1.613919
1.612963
1.612061
1.611212
1.610333
1.609530
1.608757
1.607958
1.607210
1.606469
1.605763
1.605116
1.604441
1.603806
1.603167
1.602563
1.601962
1.601375
1.600832
1.600243
1.599737
1.599198
1.598673
1.598185
1.597740
1.597197
1.596754
1.596288
1.595842
1.595386
1.594957
1.594553
1.594119
1.593697
1.593313
1.592907
1.592573
1.592157
1.591815
1.591445
1.591091
1.590713
1.590372
1.590054
1.589753
1.589377
1.589067
1.588747
1.588415
1.588118
1.587832
1.587537
1.587222
1.586953
1.586669
