2.275382
2.192091
1.964930
1.473104
0.976642
0.735929
0.612884
0.534802
0.479608
0.439824
0.410458
0.387800
0.369871
0.355244
0.342756
0.331987
0.322098
0.313166
0.305097
0.297134
0.289695
0.282696
0.276129
0.269492
0.263343
0.257363
0.251590
0.245965
0.240681
0.235220
0.230269
0.225449
0.220776
0.215998
0.211652
0.207234
0.202950
0.198953
0.195188
0.191160
0.187630
0.183949
0.180461
0.177028
0.173945
0.170740
0.167645
0.164678
0.162116
0.158997
0.156544
0.153689
0.151154
0.148686
0.146192
0.143955
0.141670
0.139713
0.137302
0.135205
0.133131
0.131199
0.129192
0.127212
0.125343
0.123536
0.121612
0.119952
0.118171
0.116478
0.115020
0.113236
0.111694
0.110136
0.108767
0.107197
0.105796
0.104267
0.102891
0.101575
0.100237
0.098731
0.097589
0.096350
0.095020
0.093924
0.092555
0.091425
0.090251
0.089017
0.087971
0.086835
0.085699
0.084650
0.083582
0.082584
0.081485
0.080520
0.079636
0.078618
