14.486667
38.078333
48.015000
60.146667
74.366667
79.880000
82.908333
85.130000
86.596667
87.586667
88.408333
88.941667
89.413333
89.883333
90.178333
90.501667
90.788333
90.983333
91.258333
91.448333
91.663333
91.838333
92.043333
92.226667
92.398333
92.543333
92.723333
92.843333
93.018333
93.213333
93.298333
93.465000
93.638333
93.740000
93.871667
94.036667
94.163333
94.285000
94.415000
94.540000
94.616667
94.703333
94.801667
94.890000
95.015000
95.071667
95.198333
95.283333
95.321667
95.410000
95.500000
95.616667
95.633333
95.755000
95.796667
95.855000
95.903333
95.981667
96.051667
96.111667
96.158333
96.226667
96.288333
96.336667
96.405000
96.445000
96.543333
96.590000
96.628333
96.691667
96.738333
96.758333
96.861667
96.831667
96.926667
96.980000
97.011667
97.061667
97.105000
97.106667
97.188333
97.235000
97.275000
97.295000
97.345000
97.383333
97.420000
97.483333
97.506667
97.535000
97.565000
97.598333
97.623333
97.663333
97.705000
97.740000
97.741667
97.818333
97.815000
97.838333
